12
Praia_Clube
Osasco
Minas
Sesc-Flamengo
Fluminense
Sesi-Bauru
Pinheiros
Barueri
Maringa
Brasília
Valinhos
Curitiba
0	586	543	992	992	487	590	581	736	422	586	731
586	0	607	449	449	312	24	12	630	1002	66	419
543	607	0	442	442	704	583	606	1062	733	604	848
992	449	442	0	0	457	442	457	1074	1166	445	846
992	449	442	0	0	457	442	457	1074	1166	445	846
487	312	704	457	457	0	332	302	400	912	172	319
590	24	583	442	442	332	0	31	646	1005	82	462
581	12	606	457	457	302	31	0	618	1005	82	462
736	630	1062	1074	1074	400	646	618	0	1157	636	394
422	1002	733	1166	1166	912	1005	1005	1157	0	916	1139
586	66	604	445	445	172	82	82	636	916	0	319
731	419	848	846	846	319	462	462	394	1139	319	0
4
4
5