12
Praia_Clube
Osasco
Minas
Sesc-Flamengo
Fluminense
Sesi-Bauru
Pinheiros
Barueri
Maringa
Brasilia
Sao_Caetano
Bluvolei
0	586	543	992	992	487	590	581	736	422	602	1176
586	0	607	449	449	312	24	12	630	1002	33	613
543	607	0	442	442	704	583	606	1062	733	619	1022
992	449	442	0	0	457	442	457	1074	1166	448	1113
992	449	442	0	0	457	442	457	1074	1166	448	1113
487	312	704	457	457	0	332	302	400	912	290	863
590	24	583	442	442	332	0	31	646	1005	56	631
581	12	606	457	457	302	31	0	618	1005	48	617
736	630	1062	1074	1074	400	646	618	0	1157	617	255
422	1002	733	1166	1166	912	1005	1005	1157	0	1020	1596
602	33	619	448	448	290	56	48	617	1020	0	620
1176	613	1022	1113	1113	863	631	617	255	1596	620	0
4
4
5