12
Minas
Cruzeiro
SESI-Bauru
Guarulhos
Blumenal
Campinas
Sao_Jose_dos_Campos
Suzano
America-MG
Joinville
Araguari
Monte_Carmelo
0	22	605	576	1090	584	601	623	423	860	483	526
22	0	585	556	1070	564	581	603	445	838	461	504
605	585	0	22	574	98	95	50	965	704	1080	1158
576	556	22	0	592	68	67	29	938	675	1053	1131
1090	1070	574	592	0	560	585	621	1440	139	1524	1602
584	564	98	68	560	0	69	82	929	649	1044	1122
601	581	95	67	585	69	0	99	946	627	1061	1139
623	603	50	29	621	82	99	0	975	682	1090	1168
423	445	965	938	1440	929	946	975	0	1445	1070	1090
860	838	704	675	139	649	627	682	1445	0	1416	1494
483	461	1080	1053	1524	1044	1061	1090	1070	1416	0	111
526	504	1158	1131	1602	1122	1139	1168	1090	1494	111	0
4
4
5