12
Minas
Cruzeiro
SESI-Bauru
Guarulhos
Blumenal
Campinas
Sao_Jose_dos_Campos
Funvic
America-MG
Brasilia
Goias
Uberlândia
0	22	605	576	1090	584	601	661	423	733	888	537
22	0	585	556	1070	564	581	641	445	711	866	517
605	585	0	22	574	98	95	130	965	1014	871	537
576	556	22	0	592	68	67	110	938	987	844	512
1090	1070	574	592	0	560	585	620	1440	1454	1304	1015
584	564	98	68	560	0	69	105	929	978	834	509
601	581	95	67	585	69	0	35	946	995	851	526
661	641	130	110	620	105	35	0	1006	1055	911	586
423	445	965	938	1440	929	946	1006	0	403	330	429
733	711	1014	987	1454	978	995	1055	403	0	209	738
888	866	871	844	1304	834	851	911	330	209	0	634
537	517	537	512	1015	509	526	586	429	738	634	0
4
4
5
