12
sada_cruzeiro
vedacit_guarulhos
itambe_minas
volei_renata
farma_conde_volei
sesi
suzano
apan_blumenau
araguari_volei
america
brasilia
rede_cuca
0	560	16	570	594	573	597	1163	546	419	729	2355
560	0	574	117	78	52	39	620	628	972	1013	3097
16	574	0	583	607	587	611	1175	560	423	734	2358
570	117	583	0	151	102	151	680	532	979	916	3001
594	78	607	151	0	93	71	695	677	1004	1062	3146
573	52	587	102	93	0	55	599	624	987	1007	3092
597	39	611	151	71	55	0	664	664	1011	1049	3133
1163	620	1175	680	695	599	664	0	1199	1588	1583	3668
546	628	560	532	677	624	664	1199	0	626	391	2476
419	972	423	979	1004	987	1011	1588	626	0	700	1942
729	1013	734	916	1062	1007	1049	1583	391	700	0	2135
2355	3097	2358	3001	3146	3092	3133	3668	2476	1942	2135	0
4
4
5
50